interior=0
money=5000
xp=2500
cp=1492.406982,-1872.364990,15.800000
cp=1384.261962,-1872.015014,12.382800
cp=1075.442016,-1851.978027,12.390999
cp=647.366271,-1734.185058,12.484399
cp=627.247375,-1228.550048,16.989299
cp=497.004302,-1282.817993,14.651300
cp=500.411987,-1326.649047,14.817799
cp=401.003295,-1404.457031,32.897300
cp=420.306701,-1450.713989,29.584199
cp=329.124389,-1631.112060,32.124698
cp=366.437591,-1647.348022,31.717599
cp=369.980010,-2030.339965,5.550000
