interior=0
money=5000
xp=2500
cp=2875.191894,-1458.849975,10.589200
cp=2875.362060,-1404.767944,10.714300
cp=2797.037109,-1291.151977,41.388999
cp=2609.983886,-1256.458007,47.932201
cp=2371.281982,-1280.477050,23.634099
cp=2450.556884,-1444.239990,23.631799
cp=2618.436035,-1444.826049,31.623399
cp=2657.300048,-1404.327026,30.079500
cp=2680.506103,-1489.556030,30.209800
cp=2755.951904,-1488.515014,29.381200
