interior=0
money=3000
xp=1500
cp=1258.229248,-1385.202758,12.724699
cp=1236.331665,-1280.964477,12.961899
cp=1200.687744,-1309.882446,12.958999
cp=1223.849365,-1400.099121,12.730699
cp=1258.118774,-1367.517822,12.651499
cp=1231.578247,-1279.981811,12.951000
cp=1199.963134,-1315.810058,12.964200
cp=1228.593505,-1401.091674,12.688300
cp=1258.435302,-1353.258544,12.563699
cp=1231.882568,-1280.908935,12.958000
cp=1064.318725,-1280.647216,13.147700
