interior=0
money=5000
xp=2500
cp=-2227.965087,2326.559326,7.546899
cp=-2287.229492,2279.437500,4.253699
cp=-2431.036376,2301.741943,4.265900
cp=-2497.860595,2214.286132,4.268000
cp=-2615.069335,2304.804443,7.487199
cp=-2594.223876,2458.598144,19.635099
cp=-2468.935302,2554.745605,22.885299
cp=-2272.078369,2552.631591,3.237200
cp=-2287.243896,2419.640380,4.197800
cp=-2227.965087,2326.559326,7.546899
