interior=0
money=4000
xp=2000
cp=2205.606689,-196.966201,-24.224300
cp=2091.077636,-191.823898,-27.290199
cp=1821.391601,-42.672298,-13.935600
cp=1655.720703,-7.122099,-5.536799
cp=1568.915893,-162.582595,-6.207200
cp=1417.990722,-256.751098,-8.413000
cp=1248.637695,-169.211303,-6.980899
