interior=0
money=4000
xp=2000
cp=834.304016,-2021.447509,12.326100
cp=857.257080,-1782.036499,13.244500
cp=917.228393,-1710.638671,12.864299
cp=935.222595,-1574.837890,12.862199
cp=958.967773,-1448.371459,12.958600
cp=996.851318,-1369.613281,12.784000
cp=973.806701,-1286.311523,13.032299
cp=993.067077,-1246.901367,18.815000
cp=1042.027465,-1220.225708,16.205099
cp=1149.369873,-1168.594116,31.510200
cp=1132.997802,-1197.753784,31.508600
