interior=0
money=7000
xp=3500
cp=-1630.000000,-728.000000,0.000000
cp=-1218.010498,-695.132873,-0.437500
cp=-973.098205,-372.075500,-0.362300
cp=-313.129089,-382.945190,-0.526499
cp=-28.027099,-578.703186,-0.459899
cp=344.760192,-312.479614,-0.529900
cp=1038.035522,-108.787696,-0.463400
cp=1439.193359,-244.235992,-0.519200
cp=1732.998779,-18.697000,-0.462199
cp=2100.164794,24.676799,-0.514999
cp=2166.259765,343.769104,-0.383500
cp=2323.769531,527.820922,-0.427100
