interior=0
money=6000
xp=3000
cp=-2668.319091,-2246.452148,5.440499
cp=-2771.395751,-2530.346923,3.351300
cp=-2615.717529,-2775.196533,3.556999
cp=-2394.335693,-2854.289794,3.925699
cp=-2152.411621,-2829.896728,1.627200
cp=-1879.653564,-2751.206787,9.125800
cp=-2188.742187,-2806.972412,5.988200
cp=-2470.857177,-2735.655517,8.330599
cp=-2646.408447,-2464.745117,6.185999
cp=-2668.319091,-2246.452148,5.440499
