interior=0
money=4000
xp=2000
cp=365.841308,-93.450401,1.082800
cp=232.680099,-239.799697,1.136299
cp=329.674011,-347.638885,8.500800
cp=545.791381,-206.307006,16.510099
cp=896.692626,-90.915298,22.372499
cp=1258.574096,-149.850799,38.179298
cp=1559.570190,-48.278099,20.787399
cp=1328.393554,231.987396,19.113399
cp=1253.197143,341.634613,19.113700
cp=1049.567626,188.838806,32.413898
cp=584.216125,189.073196,20.144399
cp=365.841308,-93.450401,1.082800
