interior=0
money=6000
xp=3000
cp=-768.876892,2730.130859,45.415100
cp=-994.348388,2714.350341,45.867198
cp=-1202.703491,2631.560791,52.133399
cp=-1109.483764,2419.635009,81.425498
cp=-1150.973144,2102.692382,84.813796
cp=-1211.989501,1864.158447,40.373298
cp=-971.707702,1832.374755,61.614101
cp=-756.612182,2056.059570,59.946098
cp=-436.693695,2120.076660,46.570400
cp=-371.613098,2351.144042,29.257200
cp=-588.273986,2514.826416,75.523902
cp=-768.876892,2730.130859,45.415100
