interior=0
money=6000
xp=3000
cp=2602.775878,-1489.636840,16.026300
cp=2566.869873,-1732.200073,1.206099
cp=2567.727294,-2045.583740,3.424499
cp=2582.575683,-2166.030273,-0.653599
cp=2599.825683,-2047.300048,3.425499
cp=2601.001220,-1737.432250,1.205999
cp=2625.496337,-1618.197265,9.698599
cp=2643.309082,-1470.537963,29.846200
cp=2644.172119,-1246.077148,50.057201
cp=2664.915283,-1048.309936,68.979202
cp=2887.231933,-1049.410766,10.425299
