interior=0
money=7000
xp=3500
cp=1037.072509,-2064.245849,12.502034
cp=1396.449340,-2464.857177,5.877999
cp=1428.668457,-2305.801025,-2.637399
cp=1328.594726,-2450.487792,7.217199
cp=1059.174438,-1902.427856,12.547900
cp=791.371704,-1768.258056,12.851599
cp=263.604095,-1680.281616,8.331399
cp=2.940200,-1520.267700,2.687900
cp=-88.611297,-1049.313232,20.892799
cp=-51.813201,-840.928405,12.416000
cp=-164.806594,-265.788085,3.135099
