interior=0
money=4000
xp=2000
cp=-413.034393,-889.704284,25.843500
cp=-337.336303,-785.661804,31.737899
cp=-311.190795,-866.903625,46.640201
cp=-538.255798,-912.432373,56.473499
cp=-767.644226,-1004.306213,77.967201
cp=-895.816406,-1111.322875,98.616798
cp=-1224.389160,-765.219726,63.668998
cp=-973.825073,-441.042388,34.871398
cp=-486.898101,-402.694305,14.415599
cp=-384.091796,-694.143371,19.967199
cp=-361.525390,-796.368286,29.171899
cp=-526.829101,-1027.277221,24.201999
