interior=0
money=6000
xp=3000
cp=-2390.353759,-2203.087158,33.289100
cp=-2132.356201,-1917.442626,116.531700
cp=-2344.968261,-2095.311279,114.527397
cp=-2627.422363,-1835.128662,218.774795
cp=-2527.489746,-1855.271484,306.524688
cp=-2586.249267,-1681.840087,352.716613
cp=-2435.136718,-1804.915161,411.139312
cp=-2324.227539,-1623.896972,484.065307
