interior=0
money=8000
xp=4000
cp=2049.865234,938.756713,9.316699
cp=2046.681884,854.990722,6.359300
cp=1329.968139,873.132507,6.436900
cp=1222.357421,1184.417846,6.436999
cp=1297.271606,1810.123046,10.589799
cp=1296.745605,2412.823974,6.359600
cp=1788.328491,2335.687500,6.119500
cp=1790.327758,1424.303222,6.366399
cp=1825.842163,833.157226,10.023300
cp=2259.357177,764.595214,10.216400
cp=2287.465820,914.934387,10.358099
cp=2164.682373,993.243103,10.441300
cp=2180.726074,1089.645751,10.445500
