interior=0
money=4000
xp=2000
cp=834.304016,-2021.447509,12.326100
cp=836.785278,-1800.373657,12.921099
cp=1030.713378,-1796.631103,13.180899
cp=1037.761962,-1726.467895,12.864100
cp=1167.197143,-1711.854858,13.169199
cp=1177.476562,-1848.506347,12.879799
cp=1418.487915,-1876.340942,12.861700
cp=1398.774902,-1926.929931,16.418100
cp=1227.817626,-1927.270263,30.711700
cp=1096.762573,-1970.903930,45.411701
cp=1097.526367,-2101.903320,64.265800
cp=1240.022949,-2036.977050,59.421398
