interior=0
money=6000
xp=3000
cp=2812.699707,-2049.008789,10.519300
cp=2488.817382,-2048.866943,24.359899
cp=2267.822998,-2096.634277,13.209199
cp=2229.839843,-2196.913574,12.932000
cp=2287.379394,-2278.043701,13.121299
cp=2293.413085,-2368.917480,12.979499
cp=2224.040039,-2492.010253,12.934200
cp=2316.842773,-2664.207763,13.078200
cp=2483.448730,-2583.779785,13.084199
cp=2606.989746,-2504.819091,13.057499
cp=2760.941650,-2456.722656,13.126700
