interior=0
money=5000
xp=2500
cp=1039.366577,-2044.809204,12.497099
cp=1038.148437,-2282.597656,12.513899
cp=1380.803955,-2466.469726,6.594099
cp=1544.409301,-2285.794677,-3.426800
cp=1614.557128,-2318.506347,-3.286400
cp=1796.132324,-2303.189208,-3.189800
cp=1732.455322,-2266.610595,-3.286299
cp=1568.308959,-2280.755371,-3.257400
cp=1506.122314,-2250.547607,-3.427099
cp=1427.388916,-2315.506835,-1.820999
cp=1052.634277,-2047.151000,12.506400
