interior=0
money=4000
xp=2000
cp=1244.737182,-820.566772,83.947303
cp=1245.242431,-769.081604,91.653297
cp=1353.116821,-685.214599,92.011001
cp=1399.328369,-594.385681,78.625801
cp=1169.557250,-631.097778,103.552200
cp=955.697998,-655.618896,120.847999
cp=757.258178,-804.394226,66.092002
cp=672.838623,-889.908813,66.114196
cp=738.280578,-958.398376,54.076801
cp=691.284912,-991.944580,51.856399
cp=681.535522,-674.760498,15.991100
cp=700.163574,-465.720001,16.138000
