interior=0
money=7000
xp=3500
cp=2780.339111,-1854.233398,9.661999
cp=2821.632812,-1913.392456,10.802200
cp=2754.860595,-2148.637695,10.798600
cp=2347.269042,-2208.013671,13.245400
cp=2262.086914,-2196.542968,10.358799
cp=2041.578735,-1929.787109,7.853700
cp=1746.983154,-1790.137084,3.852099
cp=1618.013671,-1630.244628,13.417699
cp=1897.136474,-1612.360473,13.253199
cp=2214.681884,-1647.650634,15.164899
cp=2481.751220,-1694.649902,13.390000
cp=2642.423095,-1699.001953,10.603099
cp=2780.339111,-1854.233398,9.661999
