interior=0
money=5000
xp=2500
cp=1321.714477,-1732.187744,12.954999
cp=1529.489135,-1718.720947,12.954199
cp=1514.176147,-1592.498046,12.932999
cp=1312.347045,-1587.690551,12.948399
cp=1332.683105,-1732.171508,12.948300
cp=1429.703613,-1709.913452,12.948200
cp=1450.864257,-1592.280639,12.948399
cp=1529.927124,-1612.815429,12.948200
cp=1502.959960,-1733.204956,12.948399
cp=1312.598632,-1716.206665,12.948100
cp=1369.814208,-939.433593,33.753101
