interior=0
money=5000
xp=2500
cp=2383.416992,-1256.510620,23.376600
cp=2729.086669,-1274.686157,58.152900
cp=2701.423339,-1506.037353,29.975599
cp=2621.714111,-1444.338745,31.048200
cp=2431.210205,-1470.481445,23.398300
cp=2451.574218,-1732.323242,13.066699
cp=2528.005126,-1757.683349,12.948300
cp=2542.202636,-1933.139526,12.948399
cp=2713.439453,-1959.636352,12.925399
cp=2744.681884,-1993.804077,12.938699
cp=2781.682617,-2018.965209,13.104599
