interior=0
money=5000
xp=2500
cp=-1754.343627,926.601806,24.471599
cp=-1952.227294,924.335327,41.798500
cp=-2059.579589,927.453430,57.421798
cp=-2143.474121,900.886413,79.613502
cp=-2163.334960,505.983001,34.778900
cp=-2567.196533,407.129791,17.080400
cp=-2646.490722,268.304901,3.943799
cp=-2705.797851,181.504699,3.941699
cp=-2703.329589,-210.801498,3.939599
cp=-2724.134277,-311.707794,6.875299
cp=-2724.134277,-311.707794,6.875299
cp=-2763.946777,-405.658996,6.909500
