interior=0
money=4000
xp=2000
cp=834.304016,-2021.447509,12.326100
cp=810.769470,-1761.103027,13.063899
cp=826.071777,-1603.138305,13.051400
cp=632.368225,-1569.248168,15.100899
cp=659.304077,-1400.338500,13.067099
cp=1137.018676,-1396.236816,12.970299
cp=1141.330932,-1345.156616,13.372099
cp=1084.987670,-1351.327148,13.104100
cp=1127.919677,-1456.023437,15.460800
cp=1161.203979,-1489.904663,22.431499
