interior=0
money=8000
xp=4000
cp=367.950592,-1775.726440,4.898300
cp=1120.061157,-1850.371459,12.949099
cp=1530.790161,-1937.071777,17.107099
cp=2180.873779,-2183.093750,12.950599
cp=2303.972412,-2063.496093,12.912400
cp=2820.430175,-2009.166137,10.504300
cp=2848.747070,-1217.931030,22.844699
cp=2799.396240,-442.119201,10.376099
cp=2867.251953,-101.175598,22.231899
cp=2728.401367,246.374893,32.580501
cp=1663.953125,297.005310,20.660600
