interior=0
money=2000
xp=1000
cp=-1103.233276,388.674011,14.148400
cp=-1155.286499,337.269989,14.250000
cp=-1235.945312,242.726699,14.148400
cp=-1324.743530,166.791000,14.140899
cp=-1411.206909,82.983703,14.148400
cp=-1496.866699,-5.617300,14.148400
cp=-1575.063110,-82.644599,14.148400
cp=-1652.769409,-171.043701,14.148400
