interior=0
money=6000
xp=3000
cp=2455.341796,-1658.946166,13.108400
cp=2328.312988,-1659.662353,13.382300
cp=2153.565429,-1630.447998,13.434499
cp=1985.431884,-1622.290527,15.425100
cp=1806.485229,-1612.062011,13.158699
cp=1591.478881,-1591.919067,13.187500
cp=1247.591064,-1570.845336,13.186599
cp=1018.674316,-1571.999145,13.192500
cp=810.700622,-1658.253662,13.186599
cp=827.247009,-1820.215087,12.134900
cp=831.597412,-1943.273803,12.670599
cp=828.510314,-2046.398437,12.670200
