interior=0
money=5000
xp=2500
cp=2041.374023,-1610.391845,12.994299
cp=1954.183349,-1499.842041,2.954699
cp=1715.385253,-1423.958129,12.993300
cp=1751.623168,-1296.125976,13.077699
cp=1927.418701,-1261.583251,16.571100
cp=2068.822998,-1220.142944,23.430999
cp=1997.722656,-1135.592407,25.001199
cp=1849.964355,-1196.540649,22.551399
cp=1848.490112,-1474.512207,12.996700
cp=1821.697143,-1790.239746,12.992199
cp=1792.622558,-1913.377563,13.005200
