interior=0
money=5000
xp=2500
cp=-1386.705932,1946.855834,49.237098
cp=-1141.818359,1800.958251,40.445499
cp=-1008.403686,1855.477783,62.394401
cp=-899.358581,1791.797973,59.904899
cp=-881.464477,1971.306396,59.843700
cp=-483.097106,2000.753051,59.916099
cp=-460.867401,2087.066406,56.156700
cp=-371.240905,2175.855224,41.779598
cp=-265.928710,2222.091064,58.582000
cp=-90.643699,2120.534179,16.763200
cp=96.673202,1920.597412,17.872800
cp=213.207595,1901.479248,17.207199
cp=213.091003,1866.929809,12.867699
