interior=0
money=6000
xp=3000
cp=834.304016,-2021.447509,12.326100
cp=831.029785,-1801.581176,13.346400
cp=631.924011,-1724.536499,13.962900
cp=633.814025,-1213.328369,18.119499
cp=1252.792236,-937.637023,42.534900
cp=1267.709106,-1145.034423,23.034400
cp=1841.594360,-1180.619262,23.619300
cp=1833.514282,-1562.035400,13.035400
cp=2042.792480,-1609.539062,13.539099
cp=2487.300048,-1667.559936,13.559900
