interior=0
money=4000
xp=2000
cp=-2261.673828,632.535278,47.805957
cp=-2260.291259,873.087646,69.504776
cp=-2260.112304,1022.120117,86.445770
cp=-2306.182128,1171.437866,50.668228
cp=-2385.180664,1181.470214,38.582046
cp=-2654.717041,1181.980346,55.138442
cp=-2603.933105,1007.482971,78.716346
cp=-2603.262695,946.308593,75.963996
cp=-2608.076416,789.021301,48.883983
cp=-2614.902343,667.845275,37.677131
