interior=0
money=5000
xp=2500
cp=794.520874,-1057.344238,24.227100
cp=749.502380,-1586.155151,13.416700
cp=330.326385,-1609.528076,32.713600
cp=649.484313,-1672.036254,14.189200
cp=857.687011,-1593.096313,12.955800
cp=1038.087158,-1550.112548,12.916700
cp=1033.839355,-1323.763916,12.959899
cp=617.450683,-1320.514770,13.405400
cp=405.237091,-1428.318359,32.573001
cp=628.967224,-1399.063964,12.866600
cp=1349.162109,-1402.586303,12.878999
