interior=0
center=1710.326660,-2306.331787,-2.679699
distance=68.834716
spawn=1644.579833,-2327.987548,-2.679699
spawn=1691.416625,-2330.368408,-2.679699
spawn=1742.213012,-2330.433593,-2.679699
spawn=1733.878662,-2242.617431,-2.692199
spawn=1686.416625,-2241.260742,-2.696599
spawn=1644.880371,-2243.963134,-2.687999
spawn=1647.186157,-2276.571044,-1.211699
spawn=1648.479736,-2298.681152,-1.188199
spawn=1692.212646,-2304.350341,-1.205800
spawn=1692.678833,-2271.603515,-1.257500
spawn=1721.758178,-2326.950195,5.262199
spawn=1725.065185,-2243.505371,5.262199
weapon=34
weapon=27
weapon=31
