interior=0
center=2310.000000,1270.000000,1299.540039
distance=70.000000
spawn=2323.760009,1283.349975,1299.540039
spawn=2323.760009,1283.349975,1299.500000
spawn=2323.790039,1283.349975,1299.540039
spawn=2323.760009,1283.349975,1299.500000
spawn=2323.790039,1283.349975,1299.500000
spawn=2323.760009,1283.329956,1299.500000
spawn=2323.760009,1283.300048,1299.520019
spawn=2323.780029,1283.390014,1299.500000
weapon=46
weapon=28
weapon=30
