interior=0
center=-2365.050048,144.155853,35.351600
distance=83.990150
spawn=-2306.876220,207.083206,35.351600
spawn=-2355.180908,213.801895,35.312500
spawn=-2305.724121,92.109802,35.312500
spawn=-2354.205322,84.349197,35.312500
spawn=-2354.042480,142.358001,35.312500
spawn=-2321.457275,223.690704,36.773799
spawn=-2288.837158,192.520996,36.587799
spawn=-2291.369140,107.863197,36.696098
spawn=-2321.776123,74.711898,36.661800
spawn=-2346.733398,174.728805,35.312500
spawn=-2377.022460,112.027000,35.304698
spawn=-2382.582275,68.376403,35.320301
spawn=-2391.150634,203.592102,35.320301
weapon=34
weapon=30
