interior=0
center=-1661.847290,1206.724243,7.254600
distance=22.357421
spawn=-1664.507934,1205.490478,7.254600
spawn=-1673.275024,1212.197143,9.419699
spawn=-1650.677124,1203.788085,13.671899
spawn=-1673.315673,1202.513671,13.671899
spawn=-1648.864013,1207.129150,7.250000
spawn=-1673.515991,1217.547729,18.324100
spawn=-1645.895751,1204.692626,21.156299
spawn=-1665.625732,1227.501831,21.156299
spawn=-1661.650756,1220.830688,7.250000
spawn=-1655.331665,1213.495727,13.671899
weapon=25
