interior=0
center=1087.188720,1070.187377,10.157999
distance=90.830169
spawn=1045.899291,1040.942138,10.157999
spawn=1054.132202,1114.961669,10.150500
spawn=1131.549072,1109.758911,10.148400
spawn=1125.722900,1032.055053,10.150500
spawn=1081.883666,1014.550720,10.991499
spawn=1028.673706,1082.451293,11.000000
spawn=1096.740600,1135.014892,11.002300
spawn=1147.694580,1071.243408,11.000000
weapon=24
