interior=0
center=-2710.770263,361.715209,4.482200
distance=64.536376
spawn=-2771.085937,388.319305,4.482200
spawn=-2726.923583,402.440185,4.664100
spawn=-2764.434570,369.449890,6.335899
spawn=-2762.311035,335.688598,4.433700
spawn=-2733.273681,352.048797,4.710899
spawn=-2694.353271,327.340698,4.382800
spawn=-2655.332275,329.745513,4.355199
spawn=-2649.660156,371.399810,6.156300
spawn=-2679.978271,401.486999,4.664100
weapon=32
weapon=24
