interior=0
center=-544.582275,-546.911743,25.523399
distance=79.617401
spawn=-604.304809,-486.164093,25.523399
spawn=-542.212524,-500.458496,25.517799
spawn=-472.006988,-473.665008,25.523399
spawn=-479.992706,-537.953918,25.529600
spawn=-536.229980,-541.222412,25.523399
spawn=-575.784973,-543.487182,25.523399
spawn=-602.525817,-558.233581,25.523399
spawn=-591.285583,-518.952026,25.523399
spawn=-524.490600,-498.913787,25.523399
spawn=-480.721191,-560.483215,25.523399
weapon=33
