interior=0
center=2714.471923,-2470.301757,17.340299
distance=92.142822
spawn=2722.971435,-2386.061767,17.340299
spawn=2763.140625,-2376.493652,16.224399
spawn=2734.142089,-2450.396484,17.593799
spawn=2729.811279,-2489.523193,13.653400
spawn=2766.510253,-2516.011962,13.642200
spawn=2777.041015,-2503.205566,13.648500
spawn=2795.872070,-2463.370361,13.631699
spawn=2796.227539,-2427.448242,13.631600
spawn=2801.741699,-2393.166992,13.630299
spawn=2756.127441,-2430.503173,13.643199
weapon=27
weapon=31
weapon=29
