interior=0
center=-1883.589721,-1679.775024,23.370199
distance=97.128051
spawn=-1920.720581,-1753.197875,23.370199
spawn=-1891.370361,-1691.704223,21.740200
spawn=-1900.466064,-1647.189331,21.750000
spawn=-1876.675048,-1624.720458,21.750000
spawn=-1852.419677,-1611.970825,21.757799
spawn=-1805.018310,-1636.902587,22.710500
spawn=-1793.840209,-1675.720458,21.955699
spawn=-1924.296020,-1648.456420,21.750000
spawn=-1821.285766,-1597.169799,23.021499
spawn=-1792.269287,-1649.291503,33.161701
spawn=-1807.928222,-1603.234497,23.015600
spawn=-1867.217773,-1605.092163,21.757799
spawn=-1847.665771,-1698.906494,40.867198
spawn=-1843.092895,-1695.859252,32.472999
weapon=26
weapon=32
weapon=22
