interior=0
center=-1481.050903,-1520.163085,101.740699
distance=82.665039
spawn=-1415.534057,-1449.601562,101.740699
spawn=-1447.589111,-1448.486694,101.757797
spawn=-1451.242065,-1467.629516,101.757797
spawn=-1464.723632,-1487.733154,101.757797
spawn=-1468.454589,-1507.423828,101.751296
spawn=-1469.217773,-1529.978515,101.757797
spawn=-1465.521118,-1596.978393,101.757797
spawn=-1434.313964,-1571.835815,101.757797
spawn=-1438.966796,-1555.620483,101.757797
spawn=-1417.332519,-1552.462768,101.757797
spawn=-1417.797973,-1535.231201,101.751998
spawn=-1428.819946,-1503.227783,101.671897
weapon=31
weapon=29
weapon=24
weapon=34
