interior=0
center=-1490.029541,-1468.514526,35.890899
distance=-475.035247
spawn=-1960.884521,-911.933776,35.890899
spawn=-1953.956665,-894.317626,35.890899
spawn=-1962.472656,-873.345092,35.890598
spawn=-1949.002807,-872.257324,35.882801
spawn=-1947.784179,-911.860107,35.890899
spawn=-1949.275146,-805.463684,35.890899
spawn=-1962.075805,-841.817810,35.890598
spawn=-1948.489868,-806.199584,35.890899
spawn=-1948.173583,-843.829528,35.882801
spawn=-1955.055664,-828.147583,35.890899
weapon=28
weapon=24
