interior=0
center=2489.296875,-1685.558471,13.545900
distance=44.856079
spawn=2480.545410,-1718.870239,13.545900
spawn=2450.629882,-1713.565795,13.676600
spawn=2451.466552,-1642.038696,13.735699
spawn=2478.658203,-1637.495605,13.424699
spawn=2507.683593,-1645.757690,13.966899
spawn=2534.421875,-1669.807495,15.171699
spawn=2526.631835,-1688.966796,13.616499
spawn=2516.135009,-1703.213745,13.388899
spawn=2494.547119,-1683.475708,13.338500
spawn=2492.424804,-1671.386718,13.335900
weapon=22
