interior=0
center=879.701660,-1128.597045,23.948499
distance=73.348419
spawn=934.255126,-1125.610473,23.948499
spawn=940.849426,-1086.211181,24.296199
spawn=921.875793,-1064.364013,24.296199
spawn=891.542724,-1062.359375,24.780500
spawn=899.728393,-1101.848388,23.500000
spawn=887.485778,-1119.598754,27.397699
spawn=862.811218,-1117.228637,24.079000
spawn=856.110229,-1074.252929,24.333099
spawn=822.110229,-1075.539672,24.332000
spawn=848.517272,-1126.874755,23.909400
spawn=866.294128,-1102.076171,24.296899
spawn=851.889404,-1057.779541,25.106800
spawn=850.795288,-1048.259399,-18.719100
weapon=27
weapon=29
weapon=31
