interior=0
center=1586.252563,1181.197753,10.812500
distance=42.569213
spawn=1601.860107,1161.534301,10.812500
spawn=1558.820678,1162.162841,10.805199
spawn=1578.455200,1160.814086,10.805199
spawn=1578.229736,1179.744018,10.812500
spawn=1558.474365,1189.441650,10.812500
spawn=1559.948486,1217.022705,10.812500
spawn=1614.183593,1214.918212,10.805199
spawn=1609.337646,1186.060668,10.805199
spawn=1584.093872,1194.256103,10.812500
spawn=1596.583618,1176.922607,10.812500
weapon=31
weapon=32
