interior=0
center=-754.259765,-626.511962,7.017499
distance=-1931.676757
spawn=-2652.685058,1312.322509,7.017499
spawn=-2653.000000,1348.025024,7.156300
spawn=-2622.424072,1331.027221,7.195300
spawn=-2596.124511,1357.057983,7.039100
spawn=-2567.242919,1389.437744,7.187500
spawn=-2600.931396,1407.170654,7.343500
spawn=-2620.279785,1382.855590,7.180900
spawn=-2629.144287,1402.982788,7.093800
spawn=-2633.241943,1348.409790,7.115099
weapon=33
weapon=29
weapon=23
