interior=0
center=1927.262939,699.123901,10.820300
distance=48.745178
spawn=1942.175415,706.723999,10.820300
spawn=1925.386230,720.790710,10.820300
spawn=1899.954956,705.935607,10.820300
spawn=1903.945068,676.501220,10.820300
spawn=1925.485961,675.859313,10.820300
spawn=1937.496215,721.331176,10.820300
spawn=1913.323364,716.761413,10.820300
spawn=1908.064941,665.967407,14.273400
spawn=1955.100585,674.328674,14.273200
spawn=1955.277832,730.932128,14.281100
spawn=1898.894653,731.203979,14.273400
weapon=25
