interior=0
center=703.354125,-1225.766845,22.630100
distance=82.938903
spawn=784.340087,-1166.170898,22.630100
spawn=775.320678,-1297.274902,13.563899
spawn=711.437072,-1304.250122,13.569999
spawn=652.397888,-1300.975341,14.338800
spawn=691.889404,-1208.549926,15.784199
spawn=712.551025,-1252.811645,13.565500
spawn=720.542602,-1276.421997,17.648399
spawn=748.795227,-1281.003417,13.556500
spawn=691.211975,-1276.232788,13.560500
spawn=672.973876,-1275.843139,19.083999
spawn=754.321228,-1237.850952,13.549300
weapon=16
weapon=24
weapon=25
