interior=0
center=-2596.911621,-15.442300,12.671899
distance=45.314300
spawn=-2557.341552,-34.947299,12.671899
spawn=-2557.249755,9.097999,12.609399
spawn=-2572.726806,14.429499,8.042400
spawn=-2573.026123,-49.222301,8.370300
spawn=-2587.368164,-48.759399,4.402900
spawn=-2589.548828,17.924100,4.328100
spawn=-2566.617431,-15.622900,12.671899
spawn=-2578.253173,-15.119400,8.078100
spawn=-2589.537597,-10.223600,4.328100
weapon=9
