interior=0
center=-1126.797485,-1161.573364,129.218795
distance=95.634887
spawn=-1184.306274,-1140.986694,129.218795
spawn=-1205.201904,-1073.931762,128.265594
spawn=-1039.864501,-1075.687255,129.218795
spawn=-1061.287109,-1144.026000,129.218795
spawn=-1086.091796,-1095.603027,131.578796
spawn=-1139.078735,-1095.562988,131.587402
spawn=-1128.520507,-1141.335083,129.218795
spawn=-1153.985595,-1110.357421,128.538101
spawn=-1082.043334,-1133.486938,129.218795
spawn=-1087.672729,-1074.347045,129.218795
weapon=37
