interior=0
center=-2103.334960,216.664993,35.101001
distance=96.664993
spawn=-2135.459716,307.233306,35.101001
spawn=-2091.238281,299.094299,35.319900
spawn=-2133.143066,277.531005,37.340499
spawn=-2117.124023,220.800796,35.190898
spawn=-2046.734130,147.392807,28.835899
spawn=-2134.508056,169.065002,42.250000
spawn=-2065.604248,230.867095,35.906600
spawn=-2052.535400,305.919006,35.698101
spawn=-2119.729492,220.772201,38.812698
spawn=-2105.714355,136.709701,39.273700
spawn=-2135.148681,169.390197,35.319198
spawn=-2058.952392,164.640396,28.835899
spawn=-2136.805419,240.459304,39.263198
spawn=-2068.582763,306.058013,41.992198
weapon=38
