interior=0
center=2283.893310,31.736450,26.482000
distance=52.482849
spawn=2322.801757,74.498100,26.482000
spawn=2328.422363,45.855800,32.988399
spawn=2327.929199,31.112199,31.483400
spawn=2314.329101,-6.240399,32.531299
spawn=2308.430908,13.371399,29.983400
spawn=2309.215820,33.281799,30.807199
spawn=2306.984863,55.730400,31.483400
spawn=2312.146728,79.134300,30.483400
spawn=2330.475830,66.372901,32.007400
spawn=2321.894531,-1.004099,26.476600
weapon=30
weapon=28
