interior=0
center=-2480.604492,523.332763,51.063800
distance=12.097534
spawn=-2472.653808,516.305114,51.063800
spawn=-2489.146972,532.901977,51.063800
spawn=-2489.262451,516.332580,51.063800
spawn=-2472.772705,532.904785,51.063800
spawn=-2481.271240,516.267517,51.063800
spawn=-2481.218505,532.827270,51.063800
spawn=-2472.719726,524.882629,51.063800
spawn=-2489.212890,524.820922,51.063800
weapon=30
weapon=9
weapon=22
