interior=0
center=-2100.035400,-191.899200,35.320301
distance=89.356201
spawn=-2078.260986,-253.906204,35.320301
spawn=-2034.718139,-264.569396,35.320301
spawn=-2086.001953,-141.750106,35.320301
spawn=-2053.745117,-124.646896,35.294898
spawn=-2085.014404,-185.231002,35.320301
spawn=-2021.856689,-203.399200,35.320301
spawn=-2058.356933,-198.366394,35.320301
spawn=-2056.106933,-164.386901,35.320301
spawn=-2045.593505,-231.238403,35.320301
weapon=29
