interior=0
center=1855.470947,1920.108642,10.820300
distance=757.242004
spawn=2676.058837,1241.950073,10.820300
spawn=2675.975830,1164.771484,10.820300
spawn=2618.455566,1165.890014,10.820300
spawn=2618.923339,1240.794555,10.820300
spawn=2667.875488,1210.032836,10.820300
spawn=2642.708496,1184.354003,10.820300
spawn=2622.338867,1208.594726,10.820300
spawn=2642.737792,1236.814941,10.820300
spawn=2625.462890,1188.321655,10.820300
spawn=2664.367187,1188.696166,10.820300
spawn=2664.972412,1231.885620,10.820300
spawn=2625.583251,1233.180175,10.820300
weapon=33
weapon=25
