interior=0
center=1919.435546,-1408.455932,23.773199
distance=57.961425
spawn=1974.092529,-1353.930664,23.773199
spawn=1864.873779,-1354.156250,13.496899
spawn=1865.182128,-1446.563232,13.511799
spawn=1974.885375,-1447.850219,13.494600
spawn=1974.550292,-1397.849609,20.667999
spawn=1867.516479,-1394.065063,13.504099
spawn=1877.287963,-1362.015869,14.640600
spawn=1937.823120,-1373.631835,17.447900
spawn=1954.487548,-1372.213867,19.648399
spawn=1911.557373,-1386.687500,10.359399
spawn=1949.621826,-1425.877807,10.359399
weapon=22
