interior=0
center=2440.976562,1818.152099,16.322200
distance=69.839782
spawn=2422.279541,1829.470214,16.322200
spawn=2414.264892,1816.008056,16.322200
spawn=2413.188720,1824.082519,16.322200
spawn=2425.267822,1813.648803,16.322200
spawn=2417.683593,1805.520996,16.322200
spawn=2421.244384,1801.094848,16.322200
spawn=2417.622314,1793.626464,16.322200
spawn=2424.431396,1797.268798,16.322200
spawn=2433.131835,1806.074829,16.322200
spawn=2441.548583,1801.188476,16.322200
weapon=10
