interior=0
center=-1945.122802,504.473327,35.171901
distance=50.853088
spawn=-1927.310180,458.591491,35.171901
spawn=-1969.598632,457.785888,35.171901
spawn=-1955.586547,481.372406,31.968799
spawn=-1977.640625,467.912200,29.015600
spawn=-1964.103515,520.784179,35.171901
spawn=-1922.057617,520.272888,35.171901
spawn=-1897.658447,502.532287,35.171901
spawn=-1936.667968,496.393096,33.262699
spawn=-1931.974975,475.918792,35.765598
spawn=-1955.126220,497.804809,35.765598
weapon=16
weapon=33
