interior=0
center=763.817565,2059.342773,6.710899
distance=22.077148
spawn=781.664916,2041.645019,6.710899
spawn=775.677001,2051.021728,6.710899
spawn=767.337402,2056.002929,6.710899
spawn=761.162780,2063.706542,6.710899
spawn=750.475708,2078.645019,6.710899
spawn=752.656799,2041.538940,6.710899
spawn=759.209777,2054.096679,6.710899
spawn=783.741577,2078.862060,6.710899
spawn=777.074279,2069.810302,6.710899
weapon=32
weapon=26
