interior=0
center=-107.841537,-302.930236,5.215799
distance=128.322250
spawn=-70.016799,-211.840103,5.215799
spawn=-47.836399,-224.234603,5.261300
spawn=-4.628699,-242.805297,5.206999
spawn=-23.735700,-281.086486,5.215300
spawn=-61.317600,-349.419891,0.990400
spawn=-129.242095,-329.978790,1.259299
spawn=-149.863006,-319.081207,1.253399
spawn=-163.038192,-303.183990,1.208600
spawn=-181.080505,-284.204406,1.215100
spawn=-202.971893,-246.769699,1.253399
spawn=-118.642601,-227.839294,1.214699
spawn=-80.760498,-211.558593,1.209400
weapon=27
