interior=0
center=1112.998779,-1489.048217,15.796899
distance=73.137573
spawn=1106.531616,-1430.168945,15.796899
spawn=1150.786010,-1429.479125,15.796899
spawn=1152.966186,-1511.641845,15.796899
spawn=1103.586059,-1509.313842,15.796899
spawn=1065.381835,-1495.893676,22.761699
spawn=1167.287353,-1488.736938,22.757799
spawn=1129.589843,-1556.419311,22.748300
spawn=1158.459960,-1427.320068,22.767200
spawn=1098.209594,-1427.881835,22.767700
spawn=1133.598632,-1480.533081,16.091499
weapon=8
