interior=0
center=-937.715332,-820.281616,35.473899
distance=-1059.725097
spawn=-1945.400756,265.035491,35.473899
spawn=-1962.539062,303.810211,35.473899
spawn=-1986.959594,304.582305,35.179401
spawn=-1989.932006,274.838012,35.171901
spawn=-1992.757812,242.092605,35.171901
spawn=-1946.266235,243.204803,41.046901
spawn=-1924.550048,248.819793,41.046901
spawn=-1916.166137,302.966613,41.046901
spawn=-1936.605712,274.107696,41.046901
spawn=-1895.800292,252.748001,41.046901
weapon=30
weapon=26
weapon=8
