interior=0
center=-500.000000,-120.000000,78.406303
distance=80.000000
spawn=-565.312500,-177.743194,78.406303
spawn=-585.875976,-115.424301,68.269203
spawn=-580.004028,-66.185897,64.879600
spawn=-544.357727,-67.743896,63.176799
spawn=-532.224792,-102.511299,63.296901
spawn=-527.408325,-170.553405,78.404701
spawn=-488.040313,-179.552093,78.210899
spawn=-585.875976,-115.424301,68.269203
spawn=-479.047393,-113.221397,63.719898
spawn=-538.155273,-102.540702,63.296901
spawn=-532.224792,-102.511299,63.296901
weapon=6
weapon=22
