Coords=2353.693847,2530.068115,10.820300
Owner=Unknown
Name=Well Stacked Pizza - (LV)Roca Escalante
Cost=50000
Income=15
