Coords=2389.388427,1480.885498,10.812500
Owner=Unknown
Name=PayNSpray - (LV) Royal Casino
Cost=100000
Income=100
