Coords=999.158081,-922.710510,42.179698
Owner=Unknown
Name=24-7 - (LS)Mullholland
Cost=100000
Income=50
