Coords=-1720.842163,1356.068359,7.187500
Owner=Unknown
Name=Well Stacked Pizza - (SF)Esplanade North
Cost=50000
Income=15
