Coords=-1478.291625,1862.831787,32.361698
Owner=Unknown
Name=Fuelstation - Tierra Robada 2
Cost=50000
Income=2000
