Coords=-1804.709106,946.022521,24.890600
Owner=Unknown
Name=Well Stacked Pizza - (SF)Financial
Cost=50000
Income=15
